Rk,Player,Pos,Age,Tm,G,GS,MP,FG,FGA,FG%,3P,3PA▼,3P%,2P,2PA,2P%,eFG%,FT,FTA,FT%,ORB,DRB,TRB,AST,STL,BLK,TOV,PF,PTS
1,James Harden\hardeja01,PG,29,HOU,78,78,2867,843,1909,.442,378,1028,.368,465,881,.528,.541,754,858,.879,66,452,518,586,158,58,387,244,2818
2,Stephen Curry\curryst01,PG,30,GSW,69,69,2331,632,1340,.472,354,810,.437,278,530,.525,.604,263,287,.916,45,324,369,361,92,25,192,166,1881
3,Paul George\georgpa01,SF,28,OKC,77,77,2841,707,1614,.438,292,757,.386,415,857,.484,.529,453,540,.839,105,523,628,318,170,34,205,214,2159
4,Kemba Walker\walkeke02,PG,28,CHO,82,82,2863,731,1684,.434,260,731,.356,471,953,.494,.511,380,450,.844,52,309,361,484,102,34,211,131,2102
5,Buddy Hield\hieldbu01,SG,26,SAC,82,82,2615,623,1360,.458,278,651,.427,345,709,.487,.560,171,193,.886,106,306,412,205,58,33,146,202,1695
6,Damian Lillard\lillada01,PG,28,POR,80,80,2838,681,1533,.444,237,643,.369,444,890,.499,.522,468,513,.912,68,303,371,551,88,34,212,148,2067
7,D'Angelo Russell\russeda01,PG,22,BRK,81,81,2448,659,1517,.434,234,635,.369,425,882,.482,.512,160,205,.780,53,262,315,563,100,20,253,141,1712
8,J.J. Redick\redicjj01,SG,34,PHI,76,63,2379,452,1027,.440,240,605,.397,212,422,.502,.557,228,255,.894,20,166,186,206,32,17,101,129,1372
9,Eric Gordon\gordoer01,SG,30,HOU,68,53,2158,384,938,.409,216,600,.360,168,338,.497,.525,119,152,.783,17,131,148,129,41,27,90,143,1103
10,Klay Thompson\thompkl01,SG,28,GSW,78,78,2652,655,1402,.467,241,599,.402,414,803,.516,.553,129,158,.816,37,262,299,186,84,47,115,157,1680
11,Bradley Beal\bealbr01,SG,25,WAS,82,82,3028,764,1609,.475,209,596,.351,555,1013,.548,.540,362,448,.808,89,322,411,448,121,58,224,226,2099
12,Terrence Ross\rosste01,SG,27,ORL,81,0,2150,440,1027,.428,217,566,.383,223,461,.484,.534,126,144,.875,27,253,280,135,72,29,90,119,1223
13,Blake Griffin\griffbl01,PF,29,DET,75,75,2622,619,1341,.462,189,522,.362,430,819,.525,.532,414,550,.753,100,465,565,402,52,28,253,199,1841
14,Jae Crowder\crowdja01,SF,28,UTA,80,11,2166,318,797,.399,173,522,.331,145,275,.527,.508,142,197,.721,60,324,384,133,64,31,85,170,951
15,Donovan Mitchell\mitchdo01,SG,22,UTA,77,77,2598,661,1530,.432,188,519,.362,473,1011,.468,.493,319,396,.806,59,257,316,322,106,31,218,208,1829
16,Luka Dončić\doncilu01,SG,19,DAL,72,72,2318,506,1186,.427,168,514,.327,338,672,.503,.497,346,485,.713,86,477,563,429,77,25,247,137,1526
17,Brook Lopez\lopezbr01,C,30,MIL,81,81,2322,355,786,.452,187,512,.365,168,274,.613,.571,112,133,.842,33,363,396,98,51,179,82,189,1009
18,Joe Ingles\inglejo01,PF,31,UTA,82,82,2568,359,802,.448,189,483,.391,170,319,.533,.565,87,123,.707,35,295,330,469,98,20,193,180,994
19,Trae Young\youngtr01,PG,20,ATL,81,81,2503,525,1256,.418,156,482,.324,369,774,.477,.480,343,414,.829,64,237,301,653,72,15,308,140,1549
20,Tim Hardaway Jr.\hardati02,SG,26,TOT,65,63,2057,390,993,.393,162,477,.340,228,516,.442,.474,232,276,.841,33,189,222,159,54,8,105,141,1174
21,Khris Middleton\middlkh01,SF,27,MIL,77,77,2393,506,1148,.441,179,474,.378,327,674,.485,.519,216,258,.837,50,411,461,331,80,7,174,172,1407
22,Reggie Jackson\jacksre01,PG,28,DET,82,82,2289,441,1047,.421,174,471,.369,267,576,.464,.504,204,236,.864,45,171,216,344,55,9,148,208,1260
23,Justin Holiday\holidju01,SG,29,TOT,82,77,2607,300,777,.386,162,465,.348,138,312,.442,.490,95,106,.896,46,277,323,146,121,36,104,164,857
24,Josh Richardson\richajo01,SG,25,MIA,73,73,2539,423,1026,.412,164,460,.357,259,566,.458,.492,199,231,.861,54,209,263,298,79,34,113,200,1209
25,Kyle Lowry\lowryky01,PG,32,TOR,65,65,2213,304,739,.411,157,453,.347,147,286,.514,.518,161,194,.830,41,271,312,564,91,31,182,166,926
