Rk,Team,FG,FGA,FG%,3P,3PA▼,3P%,2P,2PA,2P%
1,Houston Rockets*,40.8,90.4,.451,15.6,45.3,.345,25.1,45.2,.557
2,Dallas Mavericks*,41.7,90.3,.461,15.1,41.3,.367,26.5,49.0,.541
3,Minnesota Timberwolves,40.4,91.6,.441,13.3,39.7,.336,27.1,52.0,.521
4,Milwaukee Bucks*,43.3,90.9,.476,13.8,38.9,.355,29.5,52.0,.567
5,Brooklyn Nets*,40.4,90.3,.448,13.1,38.1,.343,27.3,52.1,.524
6,Toronto Raptors*,40.2,87.9,.458,13.8,37.0,.374,26.4,50.9,.519
7,New Orleans Pelicans,42.6,91.6,.465,13.6,36.9,.370,28.9,54.8,.528
8,Atlanta Hawks,40.6,90.6,.449,12.0,36.1,.333,28.6,54.5,.525
9,Miami Heat*,39.5,84.4,.468,13.4,35.4,.379,26.0,49.0,.532
10,Utah Jazz*,40.1,85.1,.471,13.4,35.2,.380,26.7,49.9,.535
11,Chicago Bulls,39.6,88.6,.447,12.2,35.1,.348,27.4,53.5,.511
12,Sacramento Kings,40.9,88.4,.462,12.7,34.9,.364,28.2,53.5,.527
13,Boston Celtics*,41.3,89.6,.461,12.6,34.5,.364,28.7,55.0,.522
14,Charlotte Hornets,37.3,85.9,.434,12.1,34.3,.352,25.2,51.6,.489
15,Portland Trail Blazers*,42.2,91.2,.463,12.9,34.1,.377,29.3,57.1,.514
16,Los Angeles Clippers*,41.6,89.2,.466,12.4,33.5,.371,29.1,55.8,.522
17,Detroit Pistons,39.3,85.7,.459,12.0,32.7,.367,27.3,53.0,.515
18,Washington Wizards,41.5,90.9,.457,12.0,32.6,.368,29.5,58.3,.506
19,Orlando Magic*,39.3,88.6,.444,11.1,32.2,.343,28.3,56.4,.502
20,Phoenix Suns,41.2,88.1,.468,11.4,31.8,.358,29.8,56.3,.529
21,Cleveland Cavaliers,40.3,87.9,.458,11.2,31.8,.351,29.1,56.1,.519
22,Philadelphia 76ers*,41.1,87.9,.468,11.6,31.6,.368,29.5,56.3,.524
23,Los Angeles Lakers*,42.3,88.3,.480,11.0,31.6,.349,31.3,56.7,.552
24,Memphis Grizzlies,42.5,90.9,.468,10.9,31.5,.347,31.6,59.4,.532
25,Golden State Warriors,38.6,88.2,.438,10.4,31.3,.334,28.2,56.9,.495
26,Denver Nuggets*,42.0,88.9,.473,11.0,30.6,.359,31.1,58.3,.533
27,Oklahoma City Thunder*,40.0,85.5,.468,10.7,30.2,.355,29.3,55.3,.529
28,San Antonio Spurs,42.2,89.4,.472,10.7,28.5,.376,31.5,61.0,.516
29,New York Knicks,40.0,89.3,.447,9.6,28.4,.337,30.4,61.0,.499
30,Indiana Pacers*,42.1,88.5,.476,10.2,28.0,.363,31.9,60.4,.529
,League Average,40.9,88.8,.460,12.2,34.1,.358,28.7,54.7,.524
